92 46
84 75
50 65
20 1
97 40
3 79
10 82
47 81
51 80
33 45
49 12
93 11
64 86
12 69
85 18
62 94
43 14
61 7
17 39
66 25
65 93
0 23
71 37
59 4
90 96
91 56
13 55
15 26
7 48
16 70
2 50
78 32
18 78
25 84
46 87
41 95
63 63
6 88
79 57
32 66
74 43
11 52
23 3
45 68
21 35
28 33
42 13
8 74
24 47
77 22
14 16
5 28
98 19
35 44
39 62
70 60
60 73
82 36
88 76
52 77
95 38
31 21
58 34
19 30
48 9
75 5
72 97
76 59
29 10
67 98
30 85
83 91
69 0
26 42
36 27
80 83
4 41
86 8
99 99
96 90
27 58
94 15
53 20
1 24
9 17
87 2
57 31
34 92
22 53
56 71
37 54
68 29
81 61
55 67
40 64
44 6
89 72
38 49
73 51
54 89
